Pos 0-149	15 rijen van tien bits 
* 			Separator
comma separated 15 waarden met totaal aantal enen per rij
* 			Separator
comma separated 10 waarden met totaal aantal enen per kolom
* 			Separator
aantal enen in totaal
* 			Separator
10 bits voor respectievelijk target output voor neuron 1-10, representerend 0-9, 

target output 0100000000 betekent dus 1
target output 0001000000 betekent dus 3

Opmerking: ik heb momenteel geen training instances voor het cijfer nul. Daarvoor is wel een output neuron.



000010000000011000000010100000011010000000001000000000000000000010000000001000000000100000000010000000001000000000100000000010000000000000000000000000*1,2,2,3,1,0,1,1,1,1,1,1,1,0,0,*0,1,2,1,12,0,0,0,0,0*16*0100000000
000010000000011000000001100000001010000000001000000000100000000010000000001000000000100000000010000000001000000000100000000010000000000000000000000000*1,2,2,2,1,1,1,1,1,1,1,1,1,0,0,*0,0,1,2,13,0,0,0,0,0*16*0100000000
000000000000011000000001100000001010000000001000000000100000000010000000001000000000100000000010000000001000000000100000000000000000000000000000000000*0,2,2,2,1,1,1,1,1,1,1,1,0,0,0,*0,0,1,2,11,0,0,0,0,0*14*0100000000
000000000000001100000001110000000101000000100100000000010000000001000000000100000000010000000011000000001000000000100000000000000000000000000000000000*0,2,3,2,2,1,1,1,1,2,1,1,0,0,0,*0,0,1,2,5,9,0,0,0,0*17*0100000000
000011000000001100000001010000001101000000000100000000010000000001000000000100000000010000000001000000000100000000010000000001000000000100000000000000*2,2,2,3,1,1,1,1,1,1,1,1,1,1,0,*0,0,1,2,2,14,0,0,0,0*19*0100000000
000000000000001000000001100000000110000000001000000000100000000010000000001000000000100000000010000000001000000000100000000000000000000000000000000000*0,1,2,2,1,1,1,1,1,1,1,1,0,0,0,*0,0,0,2,11,0,0,0,0,0*13*0100000000
000000000000001000000001100000000110000000001000000000100000000010000000001000000000100000000010000000001000000000100000000010000000000000000000000000*0,1,2,2,1,1,1,1,1,1,1,1,1,0,0,*0,0,0,2,12,0,0,0,0,0*14*0100000000
000000000000001000000000100000000010000000001000000000100000000010000000001000000000100000000010000000001000000000100000000000000000000000000000000000*0,1,1,1,1,1,1,1,1,1,1,1,0,0,0,*0,0,0,0,11,0,0,0,0,0*11*0100000000
000000000000000000000000100000000010000000001000000000100000000010000000001000000000100000000010000000001000000000000000000000000000000000000000000000*0,0,1,1,1,1,1,1,1,1,1,0,0,0,0,*0,0,0,0,9,0,0,0,0,0*9*0100000000
000000000000000000000000110000000011000000001100000000010000000010000000001000000000100000000010000000001000000000100000000010000000000000000000000000*0,0,2,2,2,1,1,1,1,1,1,1,1,0,0,*0,0,0,0,10,4,0,0,0,0*14*0100000000
000000000000001000000001100000000110000000001000000000100000000010000000001000000000100000000010000000001000000000100000000010000000001000000000000000*0,1,2,2,1,1,1,1,1,1,1,1,1,1,0,*0,0,0,2,13,0,0,0,0,0*15*0100000000
000000000000001100000000110000000111000000010100000000010000000001000000000100000000010000000001000000000100000000010000000000000000000000000000000000*0,2,2,3,2,1,1,1,1,1,1,1,0,0,0,*0,0,0,2,3,11,0,0,0,0*16*0100000000
000011000000001100000001010000000010000000001000000000100000000010000000001000000000100000000010000000001000000000100000000000000000000000000000000000*2,2,2,1,1,1,1,1,1,1,1,1,0,0,0,*0,0,0,1,11,3,0,0,0,0*15*0100000000
000000000000001100000000110000000111000000000100000000010000000001000000000100000000010000000001000000000100000000010000000001000000000000000000000000*0,2,2,3,1,1,1,1,1,1,1,1,1,0,0,*0,0,0,1,3,12,0,0,0,0*16*0100000000
000000000000011000000011100000001010000000001000000000100000000010000000011000000001000000001111000000000100000000000000000000000000000000000000000000*0,2,3,2,1,1,1,2,1,4,1,0,0,0,0,*0,0,3,5,8,2,0,0,0,0*18*0010000000
000111000000110100000010010000001001000000100100000000010000000001000000001000000001100000000100000000111110000000000000000000000000000000000000000000*3,3,2,2,2,1,1,1,2,1,5,0,0,0,0,*0,0,5,5,4,8,1,0,0,0*23*0010000000
000000000000000000000011100000001010000000001000000000100000000010000000011000000001000000001100000000100000000111110000010000000000000000000000000000*0,0,3,2,1,1,1,2,1,2,1,5,1,0,0,*0,2,5,5,7,1,0,0,0,0*20*0010000000
000000000000000000000011100000001011000000000100000000010000000001000000000100000000100000000010000000011110000000000000000000000000000000000000000000*0,0,3,3,1,1,1,1,1,1,4,0,0,0,0,*0,0,2,2,5,6,1,0,0,0*16*0010000000
000000000000111000000110110000010001000000000100000000010000000001000000001100000000100000000111100000010010000000000000000000000000000000000000000000*0,3,4,2,1,1,1,2,1,4,2,0,0,0,0,*0,2,2,3,5,7,2,0,0,0*21*0010000000
000000000000000000000001100000001001000000000100000000010000000001000000001100000000100000000110000000010000000011111000000000000000000000000000000000*0,0,2,2,1,1,1,2,1,2,1,5,0,0,0,*0,0,2,4,5,6,1,0,0,0*18*0010000000
000000000000011100000010010000001000100000000110000000010000000011000000001000000001000000001110000000101110000000000000000000000000000000000000000000*0,3,2,2,2,1,2,1,1,3,4,0,0,0,0,*0,0,4,3,5,6,3,0,0,0*21*0010000000
000000000000111000000010110000001001000000000100000000010000000001000000000100000000110000000010000000011110000001001100000000000000000000000000000000*0,3,3,2,1,1,1,1,2,1,4,3,0,0,0,*0,0,3,3,5,8,2,1,0,0*22*0010000000
000000000000111000000110110000010001000000000010000000011000000001000000001000000000100000000100000000110000000111111000011000000000000000000000000000*0,3,4,2,1,2,1,1,1,1,2,6,2,0,0,*0,4,5,4,5,5,3,0,0,0*26*0010000000
000000000000111100000010011000001000100000000010000000001000000000100000000100000000010000000011000000001000000000100000000111100000010000000000000000*0,4,3,2,1,1,1,1,1,2,1,1,4,1,0,*0,0,3,3,5,6,6,0,0,0*23*0010000000
000000000000000000000011100000001011000000000100000000010000000001000000000100000000100000000110000000111110000000000000000000000000000000000000000000*0,0,3,3,1,1,1,1,1,2,5,0,0,0,0,*0,0,3,3,5,6,1,0,0,0*18*0010000000
000000000001111000000100010000010001000001000100000000110000000010000000011000000011000000001000000000111110000000000000000000000000000000000000000000*0,4,2,2,2,2,1,2,2,1,5,0,0,0,0,*0,4,4,4,5,5,1,0,0,0*23*0010000000
000000000000111000000110110000010001100000000010000000010000000001000000001000000000100000000100000000110000000010000000011111100001100000000000000000*0,3,4,3,1,1,1,1,1,1,2,1,6,2,0,*0,4,6,4,5,5,3,0,0,0*27*0010000000
000000000000111000000110110000010001000000000100000000010000000010000000001000000001000000001100000000111110000000000000000000000000000000000000000000*0,3,4,2,1,1,1,1,1,2,5,0,0,0,0,*0,2,4,4,5,5,1,0,0,0*21*0010000000
000000000000111000000010110000001001000000000100000000010000000001000000000100000000100000000010000000010000000001000000001000000000111110000000000000*0,3,3,2,1,1,1,1,1,1,1,1,1,5,0,*0,0,5,4,5,7,1,0,0,0*22*0010000000
000000000000011100000011011000000001000000001000000001110000000001000000000110000000001000001000100000100010000011111000000110000000000000000000000000*0,3,4,1,1,3,1,2,1,2,2,5,2,0,0,*0,0,4,5,5,7,6,0,0,0*27*0001000000
000000000000001110000111111000000011000000011000000001100000000011000000000110000000001000000001000000001000000011100000000000000000000000000000000000*0,3,6,2,2,2,2,2,1,1,1,3,0,0,0,*0,1,2,4,8,6,4,0,0,0*25*0001000000
000000000000100000000011110000000001000000001100000001100000001110000000001100000000010000000001000001001000000011100000000000000000000000000000000000*0,1,4,1,2,2,3,2,1,1,2,3,0,0,0,*0,1,4,4,7,6,0,0,0,0*22*0001000000
000000000000011100000011011000001000100000000010000000001000000000100000000100000001110000000011000000000100000011100000000000000000000000000000000000*0,3,4,2,1,1,1,1,3,2,1,3,0,0,0,*0,0,3,4,4,6,5,0,0,0*22*0001000000
000000000000111000000000111000000000100000000010000000001000000111000000000100000000001000000000100000111100000000000000000000000000000000000000000000*0,3,3,1,1,1,3,1,1,1,4,0,0,0,0,*0,0,2,3,4,4,6,0,0,0*19*0001000000
000000000000111100000000011000000000100000000110000000110000000001100000000010000000001100001100110000011110000000000000000000000000000000000000000000*0,4,2,1,2,2,2,1,2,4,4,0,0,0,0,*0,0,2,3,3,6,8,2,0,0*24*0001000000
000000000000111000000000110000000001000000000110000000010000000111000000000100000000010000011001000000101100000011100000000000000000000000000000000000*0,3,2,1,2,1,3,1,1,3,3,3,0,0,0,*0,1,4,3,5,9,1,0,0,0*23*0001000000
000000000000011110000010001000000000100000000110000001110000000001100000000011000000000100000100010000011111000000000000000000000000000000000000000000*0,4,2,1,2,3,2,2,1,2,5,0,0,0,0,*0,0,1,4,3,5,7,4,0,0*24*0001000000
000000000000011000000011110000000001000000000100000000110000000111000000000100000000001000001000100000111110000000110000000000000000000000000000000000*0,2,4,1,1,2,3,1,1,2,5,2,0,0,0,*0,0,3,4,6,8,3,0,0,0*24*0001000000
000000000001110000000001100000000110000000011000000000010000000000100000000011000000000100001000010000100001000011000100000110100000001110000000000000*0,3,2,2,2,1,1,2,1,2,2,3,3,3,0,*0,1,4,6,5,2,4,5,0,0*27*0001000000
000000000000000000000011100000000011000000000100000001110000000011000000000110000000001000000000100000010110000001110000000000000000000000000000000000*0,0,3,2,1,3,2,2,1,1,3,3,0,0,0,*0,0,1,4,5,7,4,0,0,0*21*0001000000
000000000000000000000011110000000001000000001100000000100000000011000000000010000000001000001000010000110010000000110000000000000000000000000000000000*0,0,4,1,2,1,2,1,1,2,3,2,0,0,0,*0,0,3,2,5,5,3,1,0,0*19*0001000000
000000000000111100000000010000000001000000001100000000100000000110000000011100000000011000001000100000100010000011011000000111000000000000000000000000*0,4,1,1,2,1,2,3,2,2,2,4,3,0,0,*0,0,4,5,6,8,4,0,0,0*27*0001000000
000000000000000000000010000000001000000000100000000010010000001001000000111100000000010000000001000000000100000000010000000000000000000000000000000000*0,0,1,1,1,2,2,4,1,1,1,1,0,0,0,*0,0,6,1,1,7,0,0,0,0*15*0000100000
000000000000000000000010000000001000000000100000000010001000001000100000111110000000001000000000100000000010000000001000000000000000000000000000000000*0,0,1,1,1,2,2,5,1,1,1,1,0,0,0,*0,0,6,1,1,1,7,0,0,0*16*0000100000
000000000000000000000000000000000100000000010000000001001000001000100000100010000011111000000000100000000010000000001000000000100000000000000000000000*0,0,0,1,1,2,2,2,5,1,1,1,1,0,0,*0,0,3,4,1,1,8,0,0,0*17*0000100000
000000000000000000000010000000001000000000100000000010010000001001000000100100000011110000000001000000000100000000010000000000000000000000000000000000*0,0,1,1,1,2,2,2,4,1,1,1,0,0,0,*0,0,7,1,1,7,0,0,0,0*16*0000100000
000000000000000000000000000000000100000000010000000010000000001001000000100100000011110000000011000000000100000000011000000000100000000000000000000000*0,0,0,1,1,1,2,2,4,2,1,2,1,0,0,*0,0,4,3,2,6,2,0,0,0*17*0000100000
000000000000000000000001000000000100000000010000000001000000000100100000110010000010001000001111100000000010000000001000000000100000000010000000000000*0,0,1,1,1,1,2,3,2,5,1,1,1,1,0,*0,0,3,7,1,1,8,0,0,0*20*0000100000
000000000000000000000000000000001000000000100000000010000000001001000000100100000011110000001011000000000100000000010000000001000000000010000000000000*0,0,0,1,1,1,2,2,4,3,1,1,1,1,0,*0,0,7,1,2,7,1,0,0,0*18*0000100000
000000000000000000000001000000000100000000010100000001010000000101000000011100000001110000000001000000000100000000000000000000000000000000000000000000*0,0,1,1,2,2,2,3,3,1,1,0,0,0,0,*0,0,0,7,2,7,0,0,0,0*16*0000100000
000000000000000000000010000000001000000000100000000010000000001000000000100100000010010000001111000000000100000000010000000000000000000000000000000000*0,0,1,1,1,1,1,2,2,4,1,1,0,0,0,*0,0,8,1,1,5,0,0,0,0*15*0000100000
000000000000000000000001000000000100000000010000000011000000001000100000110010000001111000000000100000000010000000001000000000000000000000000000000000*0,0,1,1,1,2,2,3,4,1,1,1,0,0,0,*0,0,3,6,1,1,6,0,0,0*17*0000100000
000000000000000000000001000000000100000000010000000001000000001001000000100100000011110000000001000000000100000000000000000000000000000000000000000000*0,0,1,1,1,1,2,2,4,1,1,0,0,0,0,*0,0,3,5,1,5,0,0,0,0*14*0000100000
000000000000010000000011000000001000000000100000000010001000011000100001111010000000111000000000100000000010000000001000000000000000000000000000000000*0,1,2,1,1,2,3,5,3,1,1,1,0,0,0,*0,2,6,3,2,1,7,0,0,0*21*0000100000
000000000000010000000001000000000100000000010000000001000000001000100000100010000011111000000000100000000010000000001000000000100000000000000000000000*0,1,1,1,1,1,2,2,5,1,1,1,1,0,0,*0,0,3,6,1,1,7,0,0,0*18*0000100000
000000000000000000000010000000001000000000100000000010000000001000000000100100000010010000001001000000111100000000010000000001000000001100000000000000*0,0,1,1,1,1,1,2,2,2,4,1,1,2,0,*0,0,9,1,2,7,0,0,0,0*19*0000100000
000000000000100000000010000000001000000000100000000010010000001111000000000100000000011000000000100000000010000000001000000000000000000000000000000000*0,1,1,1,1,2,4,1,2,1,1,1,0,0,0,*0,0,6,1,1,4,4,0,0,0*16*0000100000
000000000000000000000011111000001000000000100000000011100000000001100000000010000000000100110000010001000001000110001000001111100000000000000000000000*0,0,5,1,1,3,2,1,1,3,2,3,5,0,0,*1,3,6,3,3,3,5,3,0,0*27*0000010000
000000000000000000000111111000010000000001100000000011000000000110000000001100000000010000000001000001111100000000000000000000000000000000000000000000*0,0,6,1,2,2,2,2,1,1,5,0,0,0,0,*0,4,4,4,4,5,1,0,0,0*22*0000010000
000000000000000000000000111000000100000000110000000010000000001110000000001100000000010000000001000001111100000000000000000000000000000000000000000000*0,0,3,1,2,1,3,2,1,1,5,0,0,0,0,*0,1,4,4,4,5,1,0,0,0*19*0000010000
000000000000000000000000000000000011110000011000000001000000000110000000000110000000001000000000100001111110000011000000000000000000000000000000000000*0,0,0,4,2,1,2,2,1,1,6,2,0,0,0,*0,1,2,5,4,3,5,1,0,0*21*0000010000
000000000000000000000010000000001111110000100000000010000000001110000000001110000000001000000000100001000010000111111000000000000000000000000000000000*0,0,1,6,1,1,3,3,1,1,2,6,0,0,0,*0,2,6,3,4,3,6,1,0,0*25*0000010000
000000000000000000000001111100000100000000110000000011100000000011100000000010000000001000001001100000111100000000000000000000000000000000000000000000*0,0,5,1,2,3,3,1,1,3,4,0,0,0,0,*0,0,4,5,4,4,5,1,0,0*23*0000010000
000000000000111100000010011000001000000000100000000011100000000001100000000010000000000100000000110000010110000001110000000000000000000000000000000000*0,4,3,1,1,3,2,1,1,2,3,3,0,0,0,*0,0,5,4,3,5,5,2,0,0*24*0000010000
000000000000000000000001111000001100000000010000000001111000000000110000000001000000000100001000110000100110000011110000000000000000000000000000000000*0,0,4,2,1,4,2,1,1,3,3,4,0,0,0,*0,0,4,5,3,4,5,4,0,0*25*0000010000
000000000000000000000000110000000110000000110000000110000000010000000001111110000110001100010000010001100001000011001100000111100000000000000000000000*0,0,2,2,2,2,1,6,4,2,3,4,4,0,0,*0,6,6,5,4,3,4,4,0,0*32*0000001000
000000000000000000000000010000000011000000011000000001000000000111100000110011000010001100001100100000011110000000000000000000000000000000000000000000*0,0,1,2,2,1,4,4,3,3,4,0,0,0,0,*0,0,3,6,4,4,5,2,0,0*24*0000001000
000000000000000000000000000000000110000000110000000010000000011000000001000000000111111000011000110000110011000001111000000000000000000000000000000000*0,0,0,2,2,1,2,1,6,4,4,4,0,0,0,*0,4,6,5,3,2,4,2,0,0*26*0000001000
000000000000000000000000110000000110000000110000000010000000011000000001111110000100001100010000010001110011000001111000000000000000000000000000000000*0,0,2,2,2,1,2,6,3,2,5,4,0,0,0,*0,5,5,5,4,3,4,3,0,0*29*0000001000
000000000000100000000010000000001000000000100000000010000000001111100000100011000010000100001000110000110010000001110000000000000000000000000000000000*0,1,1,1,1,1,5,3,2,3,3,3,0,0,0,*0,0,10,3,2,2,4,3,0,0*24*0000001000
000000000000000000000000111000000110000000110000000110000000011100000011111111001000000110100000001011000001100111011100000000000000000000000000000000*0,0,3,2,2,2,3,8,3,2,4,6,0,0,0,*4,5,5,5,3,3,3,4,3,0*35*0000001000
000000000000000000000000000000000000000000011100000011000000001000000001100000000101110000010001100001000011000010000100001111100000000000000000000000*0,0,0,0,3,2,1,2,4,3,3,2,5,0,0,*0,4,5,4,3,4,3,2,0,0*25*0000001000
000000000000011100000110000000010000000011000000001000000000111111111011000000101100000001011000000100111000010000111111000000000000000000000000000000*0,3,2,1,2,1,9,3,3,3,4,6,0,0,0,*5,7,4,3,4,3,2,2,3,4*37*0000001000
000000000000000000000000111000000110000000110000000011110000001001100000100011000011101100000011100000000000000000000000000000000000000000000000000000*0,0,3,2,2,4,3,3,5,3,0,0,0,0,0,*0,0,5,4,5,4,5,2,0,0*25*0000001000
000000000000000000000000000000000011000000001000000001100000000100000000111111000010000100001000010000110011000001111000000000000000000000000000000000*0,0,0,2,1,2,1,6,2,2,4,4,0,0,0,*0,0,4,5,5,3,3,4,0,0*24*0000001000
000000000000000000000000000000000001100000011100000001000000001000000001111110000111001110010000001001000000100100000010011100010000011110000000000000*0,0,0,2,3,1,1,6,6,2,2,2,4,4,0,*0,6,4,6,3,4,4,2,4,0*33*0000001000
000000000000001000000001100000000100000000110000000010000000001111100000100011000010000100001100010000011111000000000000000000000000000000000000000000*0,1,2,1,2,1,5,3,2,3,5,0,0,0,0,*0,0,6,6,4,2,3,4,0,0*25*0000001000
000000000000001000000001100000000100000000110000000010000000001111110000110001100010000010001000001000110000100001000010000011110000000000000000000000*0,1,2,1,2,1,6,4,2,2,3,2,4,0,0,*0,0,7,7,4,2,2,3,5,0*30*0000001000
000000000000010000000011000000001000000000100000000011110000001001100000100011000010000100001000010000110011000001110000000000000000000000000000000000*0,1,2,1,1,4,3,3,2,2,4,3,0,0,0,*0,0,9,5,2,3,3,4,0,0*26*0000001000
000000000000000010000000110000000010000000011000000001000000000111110000111001100010000010001100011000010011000001111000000000000000000000000000000000*0,1,2,1,2,1,5,5,2,4,3,4,0,0,0,*0,0,3,7,6,3,4,4,3,0*30*0000001000
000000000000000000000000000000000110000000010000000010000000001000000000111110000110001000011000100000100010000011011000000011000000000000000000000000*0,0,0,2,1,1,1,5,3,3,2,4,2,0,0,*0,2,7,4,3,3,5,0,0,0*24*0000001000
000000000000001000000001100000000100000000110000000010000000001000000000111100000011011100001000011000100000100010000110001100110000011110000000000000*0,1,2,1,2,1,1,4,5,3,2,3,4,4,0,*0,0,9,7,4,3,3,4,3,0*33*0000001000
000000000000000000000001100000000100000000110000000010000000001111100000110011000010000100001000010000100001000011001100000111100000000000000000000000*0,0,2,1,2,1,5,4,2,2,2,4,4,0,0,*0,0,8,7,3,2,4,5,0,0*29*0000001000
000000000000001000000001100000000100000000110000000010000000001000000001011110000111001000010000100001000010000110011000001111000000000000000000000000*0,1,2,1,2,1,1,5,4,2,2,4,4,0,0,*0,5,6,6,4,3,5,0,0,0*29*0000001000
000000000000000000000011111000000000100000000110000000010000000001000000000100000000111000000001100000000100000000010000000001000000000000000000000000*0,0,5,1,2,1,1,1,3,2,1,1,1,0,0,*0,0,1,1,2,10,5,0,0,0*19*0000000100
000000000000000000000011110000000001100000000110000000010000000001000000000100000000010000000111110000001100000000100000000000000000000000000000000000*0,0,4,2,2,1,1,1,1,5,2,1,0,0,0,*0,0,1,2,4,9,3,1,0,0*20*0000000100
000000000000000000000111111000000000100000000110000000010000000001000000000100000001111100000010000000001000000000100000000000000000000000000000000000*0,0,6,1,2,1,1,1,5,1,1,1,0,0,0,*0,1,1,2,5,6,4,1,0,0*20*0000000100
000000000001100000000011111000000000100000000010000000010000000001000000000100000000111100000001000000000100000000010000000000000000000000000000000000*0,2,5,1,1,1,1,1,4,1,1,1,0,0,0,*0,1,2,1,2,8,4,1,0,0*19*0000000100
000000000001111010000000001100000000010000000011000000001000000000100000000010000000111000000001110000000100000000010000000001000000000100000000000000*0,5,2,1,2,1,1,1,3,3,1,1,1,1,0,*0,1,1,1,2,6,8,4,0,0*23*0000000100
000000000001111110000000001000000000100000000010000000011000000001000000000100000001111000000010000000001000000000100000000010000000000000000000000000*0,6,1,1,1,2,1,1,4,1,1,1,1,0,0,*0,1,1,2,6,5,6,0,0,0*21*0000000100
000000000000000000000011111000000000100000000010000000010000000001000000000100000000010000000111100000001000000000100000000010000000000000000000000000*0,0,5,1,1,1,1,1,1,4,1,1,1,0,0,*0,0,1,2,5,6,4,0,0,0*18*0000000100
000000000000000000000111111100000000110000000010000000010000000001000000001100000000100000000010000000001000000000100000000000000000000000000000000000*0,0,7,2,1,1,1,2,1,1,1,1,0,0,0,*0,1,1,1,6,4,3,2,0,0*18*0000000100
000000000000000000000011111100000000010000000010000000001000000000100000000010000000011000000001000000000100000000010000000001000000000000000000000000*0,0,6,1,1,1,1,1,2,1,1,1,1,0,0,*0,0,1,1,1,6,6,2,0,0*17*0000000100
000000000000000000000111111100000000100000000110000000010000000011000000001000000000100000000100000000010000000001000000000100000000000000000000000000*0,0,7,1,2,1,2,1,1,1,1,1,1,0,0,*0,1,1,5,4,4,3,1,0,0*19*0000000100
000000000000111111000000000010000000011000000001000000001100000000100000000010000000111110000000100000000110000000010000000001000000000100000000000000*0,6,1,2,1,2,1,1,5,1,2,1,1,1,0,*0,0,1,1,2,6,7,5,3,0*25*0000000100
000000000000000000000111111000000000100000000010000000010000000001000000011110000000010000000011000000001000000000100000000000000000000000000000000000*0,0,6,1,1,1,1,4,1,2,1,1,0,0,0,*0,1,1,2,5,6,4,0,0,0*19*0000000100
000000000001111110000000001100000000010000000010000000001000000000100000000010000000001000000011111000000100000000010000000001000000000100000000000000*0,6,2,1,1,1,1,1,1,5,1,1,1,1,0,*0,1,1,1,2,6,8,3,1,0*23*0000000100
000000000001000000000011111100000000100000000010000000001000000000100000000110000000111100000001000000000100000000010000000011000000000000000000000000*0,1,6,1,1,1,1,2,4,1,1,1,2,0,0,*0,1,1,1,3,7,7,2,0,0*22*0000000100
000000000000000000000011111000000000100000000100000000010000000001000000001000000000100000000010000000011000000000000000000000000000000000000000000000*0,0,5,1,1,1,1,1,1,1,2,0,0,0,0,*0,0,1,2,5,4,2,0,0,0*14*0000000100
000000000000000000000000000000000000000000111110000000011000000001000000000100000000100000000010000000001000000000100000000110000000010000000000000000*0,0,0,0,5,2,1,1,1,1,1,1,2,1,0,*0,0,1,3,6,4,2,0,0,0*16*0000000100
000000000000000000000011111100000000100000000010000000001000000001000000000100000000010000000111100000001000000000100000000010000000000000000000000000*0,0,6,1,1,1,1,1,1,4,1,1,1,0,0,*0,0,1,2,5,5,5,1,0,0*19*0000000100
000000000001111110000000001000000000100000000010000000001000000000100000000010000000111110000000100000000010000000001000000000000000000000000000000000*0,6,1,1,1,1,1,1,5,1,1,1,0,0,0,*0,1,1,1,2,2,11,1,1,0*20*0000000100
000000000000000000000011111000000000100000000010000000001000000000100000000010000000111100000000100000000010000000001000000000100000000000000000000000*0,0,5,1,1,1,1,1,4,1,1,1,1,0,0,*0,0,1,1,2,2,11,1,0,0*18*0000000100
000000000000000000000000000000001100000000011110000000001000000000100000000010000000001000000011110000000100000000010000000001000000000100000000000000*0,0,0,2,4,1,1,1,1,4,1,1,1,1,0,*0,0,1,2,2,6,6,1,0,0*18*0000000100
000000000001111000000000111000000000100000000010000000011000000001000000000100000000010000000001000000001100000000100000000000000000000000000000000000*0,4,3,1,1,2,1,1,1,1,2,1,0,0,0,*0,1,1,1,4,7,4,0,0,0*18*0000000100
000000000000000000000111111000000001100000000100000000110000000010000000001000000000100000000100000000010000000001000000000100000000000000000000000000*0,0,6,2,1,2,1,1,1,1,1,1,1,0,0,*0,1,1,5,5,4,2,0,0,0*18*0000000100
000000000001111110000000001000000001100000000100000000110000000010000000111110000001000000001100000000100000000010000000000000000000000000000000000000*0,6,1,2,1,2,1,5,1,2,1,1,0,0,0,*0,1,5,4,4,5,4,0,0,0*23*0000000100
000000000000000000000011111100000000110000000010000000001000000001100000000100000001111100000010000000001000000000100000000010000000000000000000000000*0,0,6,2,1,1,2,1,5,1,1,1,1,0,0,*0,0,1,2,6,4,6,3,0,0*22*0000000100
000000000000000000000011111100000000010000000001000000001100000000100000001111000000001000000001100000000100000000010000000000000000000000000000000000*0,0,6,1,1,2,1,4,1,2,1,1,0,0,0,*0,0,1,1,2,5,6,5,0,0*20*0000000100
000000000000110000000001111100000000010000000010000000011000000001000000001110000000010000000010000000001000000000100000000010000000001000000000000000*0,2,5,1,1,2,1,3,1,1,1,1,1,1,0,*0,0,1,2,7,5,4,2,0,0*21*0000000100
000000000000000000000000000000001111000000100100000011010000000111000000101100000010010000001000100000100010000011001000000111100000000000000000000000*0,0,0,4,2,3,3,3,2,2,2,3,4,0,0,*0,0,8,5,4,7,4,0,0,0*28*0000000010
000000000000000000000011110000001001100000100010000011001000000111100000010110000011001100001000010000100001000011100100000011110000000000000000000000*0,0,4,3,2,3,4,3,4,2,2,4,4,0,0,*0,0,8,6,4,5,7,5,0,0*35*0000000010
000000000000000000000011110000001000100000100010000011001000001110100001101110000100001100010000010001000001000110001100001111100000000000000000000000*0,0,4,2,2,3,4,5,3,2,2,4,5,0,0,*0,5,8,4,4,3,8,4,0,0*36*0000000010
000000000000000000000000000000001111100000100011000010000100001100110000111110000110011000010000110001100001000011000100000111110000000000000000000000*0,0,0,5,3,2,4,5,4,3,3,3,5,0,0,*0,3,8,5,3,4,7,7,0,0*37*0000000010
000000000000000000000111100000010011100001000010000110001000001111100001111110000100001000010000110001100011000011111000000000000000000000000000000000*0,0,4,4,2,3,5,6,2,3,4,5,0,0,0,*0,8,6,4,5,4,9,2,0,0*38*0000000010
000000000000000000000000000000000111100000010011000001000100000100110000111110000110001100010000010001000001000110000100001111110000000000000000000000*0,0,0,4,3,2,3,5,4,2,2,3,6,0,0,*0,4,4,6,3,3,6,8,0,0*34*0000000010
000000000000000000000011111000001000110000100001000010001100001110100000111110000010001100011000010001100001000011001100000011100000000000000000000000*0,0,5,3,2,3,4,5,3,3,3,4,3,0,0,*0,2,10,4,4,3,8,7,0,0*38*0000000010
000000000000000000000000000000000111110000010001000001000100000100010000011011000011111000001001100000100011000010000100001000010000111110000000000000*0,0,0,5,2,2,2,4,5,3,3,2,2,5,0,*0,0,6,7,4,4,6,8,0,0*35*0000000010
000000000000011110000011001000001000100000110010000001010000001111000000100100000010011000001000100000100010000010001000000111100000000000000000000000*0,4,3,2,3,2,4,2,3,2,2,2,4,0,0,*0,0,9,6,3,6,9,0,0,0*33*0000000010
000000000000000000000011111000001000010000100011000011001000000111000000001110000001101100001000010000100001000010000100001110110000001110000000000000*0,0,5,2,3,3,3,3,4,2,2,2,5,3,0,*0,0,8,5,6,4,7,7,0,0*37*0000000010
000000000000011100000111011000010000110001000001000100000100011000110000111110000111110000010000100011000010001100001000011000100000111110000000000000*0,3,5,3,2,2,4,5,5,2,3,3,3,5,0,*2,10,6,5,4,5,9,4,0,0*45*0000000010
000000000000000000000000110000001111100001100010000100001100001000110000110010000001111000001101100001100010000110001000001000010000111011000000111000*0,0,2,5,3,3,3,3,4,4,3,3,2,5,3,*0,4,9,5,5,5,11,4,0,0*43*0000000010
000000000000000000000111110000010001100001000010000110011000001111000000111100000100011000010000100001000010000111111000000000000000000000000000000000*0,0,5,3,2,4,4,4,3,2,2,6,0,0,0,*0,8,5,4,4,7,7,0,0,0*35*0000000010
000000000000000000000000000000001111100000100011000011000100000110010000111111000010110000001000100001000010000100001000011101100000011100000000000000*0,0,0,5,3,3,3,6,3,2,2,2,5,3,0,*0,3,7,6,5,5,7,4,0,0*37*0000000010
000000000000000000000000000000001110000011100110001000001100110000010001110001000001111100001101100001000010000100001000010000100001111100000000000000*0,0,0,3,5,3,3,4,5,4,2,2,2,5,0,*3,7,5,5,3,4,7,4,0,0*38*0000000010
000000000000000000000000000000000111000000110111000010000100001101110001111100000100011000010000110001100001000011111100000000000000000000000000000000*0,0,0,3,5,2,5,5,3,3,3,6,0,0,0,*0,4,6,5,3,6,5,6,0,0*35*0000000010
000000000000000000000001110000001101100000100010000011011000000111000000101110000110001000010000110001100001000011111100000000000000000000000000000000*0,0,3,4,2,4,3,4,3,3,3,6,0,0,0,*0,3,7,5,4,6,7,3,0,0*35*0000000010
000000000000000000000000000000000111100000110010000010001000001101100000011110000000001000000000100000111110000001100000000000000000000000000000000000*0,0,0,4,3,2,4,4,1,1,5,2,0,0,0,*0,0,4,6,4,4,8,0,0,0*26*0000000001
000000000000000000000011111000001000100000100010000011011000000111100000000010000000001000000000100000111110000000000000000000000000000000000000000000*0,0,5,2,2,4,4,1,1,1,5,0,0,0,0,*0,0,5,4,3,4,9,0,0,0*25*0000000001
000000000000000000000000111000000110000000010001000001001100000111110000001101000000001100000000100000000010000000010000000111000000000000000000000000*0,0,3,2,2,3,5,3,2,1,1,1,3,0,0,*0,0,0,5,5,5,6,5,0,0*26*0000000001
000000000000111110001110000000100000100010000110001000111000111110100000000010000000001000000000100000011010000000111000000000000000000000000000000000*0,5,3,2,3,4,6,1,1,1,3,3,0,0,0,*5,2,3,3,5,4,10,0,0,0*32*0000000001
000000000000000000000001111000001100000000100110000010111000001110100000000010000000001000000001100000000100000001110000000000000000000000000000000000*0,0,4,2,3,4,4,1,1,2,1,3,0,0,0,*0,0,4,4,4,6,7,0,0,0*25*0000000001
000000000000001110000011101100011000110010000011001000011100110011010001111001000000000100000000110011000010000110111000001110000000000000000000000000*0,3,5,4,3,4,5,5,1,2,3,5,3,0,0,*4,5,5,3,6,4,8,8,0,0*43*0000000001
000000000000001110000001101000000100100000010010000001001000000111100000000010000000001000011000100000111110000000000000000000000000000000000000000000*0,3,3,2,2,2,4,1,1,3,5,0,0,0,0,*0,1,2,6,4,3,10,0,0,0*26*0000000001
000000000000011100000011011000011000100001000010000110001000001111100000000010000000001000000000100000100010000001101000000011100000000000000000000000*0,3,4,3,2,3,5,1,1,1,2,3,3,0,0,*0,3,5,4,4,4,11,0,0,0*31*0000000001
000000000000001111000001100000000100010000110001000010001100001101110000011110000000001000000000100000000100000000010000000010000000000000000000000000*0,4,2,2,3,3,5,4,1,1,1,1,1,0,0,*0,0,3,5,4,5,6,5,0,0*28*0000000001
000110000000111100000110010000010011000001001100000100110000011111000000000100000000010000000001000000110100000001110000000000000000000000000000000000*2,4,3,3,3,3,5,1,1,1,3,3,0,0,0,*0,5,4,5,7,11,0,0,0,0*32*0000000001
000000000000001110000001101000001100100000100010000010001000001001100000111110000000001000000000100000000110000001010000000111000000000000000000000000*0,3,3,3,2,2,3,5,1,1,2,2,3,0,0,*0,0,5,5,4,6,10,0,0,0*30*0000000001
000000000000001110000001101100001000010001100011000100001100010000110001100110000011111000000000100000000010000000001000001111100000000000000000000000*0,3,4,2,4,3,3,4,5,1,1,1,5,0,0,*0,4,5,3,4,4,11,5,0,0*36*0000000001
000011000000111011000110001000010000100011000010001000001000100011100001111010000011001000000000100000000010000111111000110000000000000000000000000000*2,5,3,2,3,2,4,5,3,1,1,6,2,0,0,*4,6,5,4,5,3,11,1,0,0*39*0000000001
000000000000000000000001111100000100110000100011000010011100001111010000011001000000000100000000110001100010000011111000000000000000000000000000000000*0,0,5,3,3,4,5,3,1,2,3,5,0,0,0,*0,1,5,5,4,4,7,8,0,0*34*0000000001
000000000000011111100011000110011000011001000011100100001010011111011000000001000000000100000000110001110110000001110000000000000000000000000000000000*0,6,4,4,4,3,7,1,1,2,5,3,0,0,0,*0,5,4,5,3,4,5,8,6,0*40*0000000001
000000000000000110000001111100000100010000100011000010001100001011110000111011000000001000000001100001111100000000000000000000000000000000000000000000*0,2,5,2,3,3,5,5,1,2,5,0,0,0,0,*0,1,5,4,4,5,8,6,0,0*33*0000000001
000000000000000000000001111000001100000000100110000010011000001001100000101110000011101000000001100000000100000011010000001111000000000000000000000000*0,0,4,2,3,3,3,4,4,2,1,3,4,0,0,*0,0,8,5,4,9,7,0,0,0*33*0000000001
000000000000001110000001001100001100010000100010000010001000001100100000010110000000111000000000100000000010000111111000000000000000000000000000000000*0,3,3,3,2,2,3,3,3,1,1,6,0,0,0,*0,1,5,5,3,4,10,2,0,0*30*0000000001
000000000000001110000001000000001000010000100001000010001100001000110000100110000001111000000000100000000010000000011000000111000000110000000000000000*0,3,1,2,2,3,3,3,4,1,1,2,3,2,0,*0,0,6,4,3,5,8,4,0,0*30*0000000001
000000000000001110000001101000000100100000100010000010001000001001100000101110000011101000000000100000000110000000110000011110000000000000000000000000*0,3,3,2,2,2,3,4,4,1,2,2,4,0,0,*0,1,6,4,6,5,10,0,0,0*32*0000000001
000000000000011110000010000000001000000000100000000011110000000001100000000010000000001000000000100000110110000001110000000000000000000000000000000000*0,4,1,1,1,4,2,1,1,1,4,3,0,0,0,*0,0,5,4,3,5,6,0,0,0*23*0000010000
000000000000000000000011111000001000000000100000000011100000000011000000000100000000011000001000100000010110000001110000000000000000000000000000000000*0,0,5,1,1,3,2,1,2,2,3,3,0,0,0,*0,0,5,4,4,6,4,0,0,0*23*0000010000
000000000000000000000011111000001000000000100000000010000000001111000000000110000000001000000000100000110110000001110000000000000000000000000000000000*0,0,5,1,1,1,4,2,1,1,4,3,0,0,0,*0,0,6,4,3,5,5,0,0,0*23*0000010000
000000000000000000000001111000000100000000010000000001110000000001000000000110000000001000000000100000110110000001110000000000000000000000000000000000*0,0,4,1,1,3,1,2,1,1,4,3,0,0,0,*0,0,1,6,3,6,5,0,0,0*21*0000010000
000000000000000000000011111000001000000000100000000010000000001111000000000110000000001000000000100000100010000011001000000111000000001000000000000000*0,0,5,1,1,1,4,2,1,1,2,3,3,1,0,*0,0,7,4,4,4,6,0,0,0*25*0000010000
000000000000000000000001111000000100000000010000000011000000001111000000000110000000001000001000100000100110000011110000000000000000000000000000000000*0,0,4,1,1,2,4,2,1,2,3,4,0,0,0,*0,0,5,6,3,5,5,0,0,0*24*0000010000
000000000000000000000001111000000100000000010000000001110000000001100000000010000000001000000100110000010011000001111000000000000000000000000000000000*0,0,4,1,1,3,2,1,1,3,3,4,0,0,0,*0,0,0,7,3,4,7,2,0,0*23*0000010000
000000000000000000000011111000001000000000100000000010000000001111000000000110000000001000001000100000110110000001110000000000000000000000000000000000*0,0,5,1,1,1,4,2,1,2,4,3,0,0,0,*0,0,7,4,3,5,5,0,0,0*24*0000010000
000000000000000000000011111000001000000000100000000010000000001111100000000010000000001000000000100000100010000011001000000111100000000000000000000000*0,0,5,1,1,1,5,1,1,1,2,3,4,0,0,*0,0,7,4,3,3,8,0,0,0*25*0000010000
000000000000000000000011111000001000000000100000000011100000001011000000000100000000010000001101100000010110000000110000000000000000000000000000000000*0,0,5,1,1,3,3,1,1,4,3,2,0,0,0,*0,0,6,4,4,7,3,0,0,0*24*0000010000
